min_x : 699
min_y : 736
max_x : 843
max_y : 848
List Pixel with Depth -- the input to the function : [[1, [(707, 848), (707, 772), (699, 769), (772, 736), (843, 773), (835, 773), (837, 848)], 2]]
Building/structure points : [[[1 1 1]
  [1 1 1]
  [1 1 1]
  ..., 
  [1 1 1]
  [1 1 1]
  [1 1 1]]

 [[1 1 1]
  [1 1 1]
  [1 1 1]
  ..., 
  [1 1 1]
  [1 1 1]
  [1 1 1]]

 [[1 1 1]
  [1 1 1]
  [1 1 1]
  ..., 
  [1 1 1]
  [1 1 1]
  [1 1 1]]

 ..., 
 [[1 1 1]
  [1 1 1]
  [1 1 1]
  ..., 
  [1 1 1]
  [1 1 1]
  [1 1 1]]

 [[1 1 1]
  [1 1 1]
  [1 1 1]
  ..., 
  [1 1 1]
  [1 1 1]
  [1 1 1]]

 [[1 1 1]
  [1 1 1]
  [1 1 1]
  ..., 
  [1 1 1]
  [1 1 1]
  [1 1 1]]]

 Length of list  : 12442